2021/05/05-23:10:55.997872 7f46b1e1e700 RocksDB version: 6.16.4
2021/05/05-23:10:55.997949 7f46b1e1e700 Git sha rocksdb_build_git_sha:
2021/05/05-23:10:55.997951 7f46b1e1e700 Compile date Apr 16 2021
2021/05/05-23:10:55.998018 7f46b1e1e700 DB SUMMARY
2021/05/05-23:10:55.998021 7f46b1e1e700 DB Session ID:  YQR44655RX0C8AEMW9IT
2021/05/05-23:10:55.998097 7f46b1e1e700 CURRENT file:  CURRENT
2021/05/05-23:10:55.998098 7f46b1e1e700 IDENTITY file:  IDENTITY
2021/05/05-23:10:55.998101 7f46b1e1e700 MANIFEST file:  MANIFEST-000057 size: 1303 Bytes
2021/05/05-23:10:55.998103 7f46b1e1e700 SST files in rocksdb-data dir, Total Num: 10, files: 000042.sst 000043.sst 000044.sst 000045.sst 000046.sst 000047.sst 000048.sst 000049.sst 000050.sst 
2021/05/05-23:10:55.998104 7f46b1e1e700 Write Ahead Log file in rocksdb-data: 000058.log size: 0 ; 
2021/05/05-23:10:55.998120 7f46b1e1e700                         Options.error_if_exists: 0
2021/05/05-23:10:55.998121 7f46b1e1e700                       Options.create_if_missing: 0
2021/05/05-23:10:55.998122 7f46b1e1e700                         Options.paranoid_checks: 1
2021/05/05-23:10:55.998123 7f46b1e1e700                               Options.track_and_verify_wals_in_manifest: 0
2021/05/05-23:10:55.998124 7f46b1e1e700                                     Options.env: 0x7f46b434c760
2021/05/05-23:10:55.998125 7f46b1e1e700                                      Options.fs: Posix File System
2021/05/05-23:10:55.998126 7f46b1e1e700                                Options.info_log: 0x7f469c0023d0
2021/05/05-23:10:55.998127 7f46b1e1e700                Options.max_file_opening_threads: 16
2021/05/05-23:10:55.998127 7f46b1e1e700                              Options.statistics: (nil)
2021/05/05-23:10:55.998128 7f46b1e1e700                               Options.use_fsync: 0
2021/05/05-23:10:55.998129 7f46b1e1e700                       Options.max_log_file_size: 0
2021/05/05-23:10:55.998130 7f46b1e1e700                  Options.max_manifest_file_size: 1073741824
2021/05/05-23:10:55.998131 7f46b1e1e700                   Options.log_file_time_to_roll: 0
2021/05/05-23:10:55.998132 7f46b1e1e700                       Options.keep_log_file_num: 1000
2021/05/05-23:10:55.998133 7f46b1e1e700                    Options.recycle_log_file_num: 0
2021/05/05-23:10:55.998133 7f46b1e1e700                         Options.allow_fallocate: 1
2021/05/05-23:10:55.998134 7f46b1e1e700                        Options.allow_mmap_reads: 0
2021/05/05-23:10:55.998135 7f46b1e1e700                       Options.allow_mmap_writes: 0
2021/05/05-23:10:55.998136 7f46b1e1e700                        Options.use_direct_reads: 0
2021/05/05-23:10:55.998137 7f46b1e1e700                        Options.use_direct_io_for_flush_and_compaction: 0
2021/05/05-23:10:55.998138 7f46b1e1e700          Options.create_missing_column_families: 0
2021/05/05-23:10:55.998138 7f46b1e1e700                              Options.db_log_dir: 
2021/05/05-23:10:55.998139 7f46b1e1e700                                 Options.wal_dir: rocksdb-data
2021/05/05-23:10:55.998140 7f46b1e1e700                Options.table_cache_numshardbits: 6
2021/05/05-23:10:55.998141 7f46b1e1e700                         Options.WAL_ttl_seconds: 0
2021/05/05-23:10:55.998142 7f46b1e1e700                       Options.WAL_size_limit_MB: 0
2021/05/05-23:10:55.998143 7f46b1e1e700                        Options.max_write_batch_group_size_bytes: 1048576
2021/05/05-23:10:55.998143 7f46b1e1e700             Options.manifest_preallocation_size: 4194304
2021/05/05-23:10:55.998144 7f46b1e1e700                     Options.is_fd_close_on_exec: 1
2021/05/05-23:10:55.998145 7f46b1e1e700                   Options.advise_random_on_open: 1
2021/05/05-23:10:55.998146 7f46b1e1e700                    Options.db_write_buffer_size: 0
2021/05/05-23:10:55.998147 7f46b1e1e700                    Options.write_buffer_manager: 0x7f469c026e60
2021/05/05-23:10:55.998148 7f46b1e1e700         Options.access_hint_on_compaction_start: 1
2021/05/05-23:10:55.998149 7f46b1e1e700  Options.new_table_reader_for_compaction_inputs: 0
2021/05/05-23:10:55.998149 7f46b1e1e700           Options.random_access_max_buffer_size: 1048576
2021/05/05-23:10:55.998160 7f46b1e1e700                      Options.use_adaptive_mutex: 0
2021/05/05-23:10:55.998161 7f46b1e1e700                            Options.rate_limiter: (nil)
2021/05/05-23:10:55.998164 7f46b1e1e700     Options.sst_file_manager.rate_bytes_per_sec: 0
2021/05/05-23:10:55.998165 7f46b1e1e700                       Options.wal_recovery_mode: 2
2021/05/05-23:10:55.998167 7f46b1e1e700                  Options.enable_thread_tracking: 0
2021/05/05-23:10:55.998168 7f46b1e1e700                  Options.enable_pipelined_write: 0
2021/05/05-23:10:55.998170 7f46b1e1e700                  Options.unordered_write: 0
2021/05/05-23:10:55.998171 7f46b1e1e700         Options.allow_concurrent_memtable_write: 1
2021/05/05-23:10:55.998173 7f46b1e1e700      Options.enable_write_thread_adaptive_yield: 1
2021/05/05-23:10:55.998174 7f46b1e1e700             Options.write_thread_max_yield_usec: 100
2021/05/05-23:10:55.998176 7f46b1e1e700            Options.write_thread_slow_yield_usec: 3
2021/05/05-23:10:55.998191 7f46b1e1e700                               Options.row_cache: None
2021/05/05-23:10:55.998192 7f46b1e1e700                              Options.wal_filter: None
2021/05/05-23:10:55.998194 7f46b1e1e700             Options.avoid_flush_during_recovery: 0
2021/05/05-23:10:55.998195 7f46b1e1e700             Options.allow_ingest_behind: 0
2021/05/05-23:10:55.998196 7f46b1e1e700             Options.preserve_deletes: 0
2021/05/05-23:10:55.998197 7f46b1e1e700             Options.two_write_queues: 0
2021/05/05-23:10:55.998197 7f46b1e1e700             Options.manual_wal_flush: 0
2021/05/05-23:10:55.998198 7f46b1e1e700             Options.atomic_flush: 0
2021/05/05-23:10:55.998213 7f46b1e1e700             Options.avoid_unnecessary_blocking_io: 0
2021/05/05-23:10:55.998213 7f46b1e1e700                 Options.persist_stats_to_disk: 0
2021/05/05-23:10:55.998214 7f46b1e1e700                 Options.write_dbid_to_manifest: 0
2021/05/05-23:10:55.998215 7f46b1e1e700                 Options.log_readahead_size: 0
2021/05/05-23:10:55.998216 7f46b1e1e700                 Options.file_checksum_gen_factory: Unknown
2021/05/05-23:10:55.998217 7f46b1e1e700                 Options.best_efforts_recovery: 0
2021/05/05-23:10:55.998218 7f46b1e1e700                Options.max_bgerror_resume_count: 2147483647
2021/05/05-23:10:55.998218 7f46b1e1e700            Options.bgerror_resume_retry_interval: 1000000
2021/05/05-23:10:55.998219 7f46b1e1e700             Options.allow_data_in_errors: 0
2021/05/05-23:10:55.998220 7f46b1e1e700             Options.db_host_id: __hostname__
2021/05/05-23:10:55.998222 7f46b1e1e700             Options.max_background_jobs: 2
2021/05/05-23:10:55.998223 7f46b1e1e700             Options.max_background_compactions: -1
2021/05/05-23:10:55.998224 7f46b1e1e700             Options.max_subcompactions: 1
2021/05/05-23:10:55.998225 7f46b1e1e700             Options.avoid_flush_during_shutdown: 0
2021/05/05-23:10:55.998226 7f46b1e1e700           Options.writable_file_max_buffer_size: 1048576
2021/05/05-23:10:55.998226 7f46b1e1e700             Options.delayed_write_rate : 16777216
2021/05/05-23:10:55.998227 7f46b1e1e700             Options.max_total_wal_size: 0
2021/05/05-23:10:55.998228 7f46b1e1e700             Options.delete_obsolete_files_period_micros: 21600000000
2021/05/05-23:10:55.998229 7f46b1e1e700                   Options.stats_dump_period_sec: 600
2021/05/05-23:10:55.998230 7f46b1e1e700                 Options.stats_persist_period_sec: 600
2021/05/05-23:10:55.998231 7f46b1e1e700                 Options.stats_history_buffer_size: 1048576
2021/05/05-23:10:55.998232 7f46b1e1e700                          Options.max_open_files: -1
2021/05/05-23:10:55.998232 7f46b1e1e700                          Options.bytes_per_sync: 0
2021/05/05-23:10:55.998233 7f46b1e1e700                      Options.wal_bytes_per_sync: 0
2021/05/05-23:10:55.998234 7f46b1e1e700                   Options.strict_bytes_per_sync: 0
2021/05/05-23:10:55.998235 7f46b1e1e700       Options.compaction_readahead_size: 0
2021/05/05-23:10:55.998254 7f46b1e1e700                  Options.max_background_flushes: -1
2021/05/05-23:10:55.998261 7f46b1e1e700 Compression algorithms supported:
2021/05/05-23:10:55.998263 7f46b1e1e700 	kZSTDNotFinalCompression supported: 1
2021/05/05-23:10:55.998266 7f46b1e1e700 	kZSTD supported: 1
2021/05/05-23:10:55.998267 7f46b1e1e700 	kXpressCompression supported: 0
2021/05/05-23:10:55.998268 7f46b1e1e700 	kLZ4HCCompression supported: 1
2021/05/05-23:10:55.998269 7f46b1e1e700 	kLZ4Compression supported: 1
2021/05/05-23:10:55.998270 7f46b1e1e700 	kBZip2Compression supported: 1
2021/05/05-23:10:55.998271 7f46b1e1e700 	kZlibCompression supported: 1
2021/05/05-23:10:55.998272 7f46b1e1e700 	kSnappyCompression supported: 1
2021/05/05-23:10:55.998281 7f46b1e1e700 Fast CRC32 supported: Supported on x86
2021/05/05-23:10:55.998411 7f46b1e1e700 [/version_set.cc:4757] Recovering from manifest file: rocksdb-data/MANIFEST-000057
2021/05/05-23:10:55.998738 7f46b1e1e700 [/column_family.cc:595] --------------- Options for column family [default]:
2021/05/05-23:10:55.998762 7f46b1e1e700               Options.comparator: leveldb.BytewiseComparator
2021/05/05-23:10:55.998763 7f46b1e1e700           Options.merge_operator: None
2021/05/05-23:10:55.998764 7f46b1e1e700        Options.compaction_filter: None
2021/05/05-23:10:55.998765 7f46b1e1e700        Options.compaction_filter_factory: None
2021/05/05-23:10:55.998766 7f46b1e1e700  Options.sst_partitioner_factory: None
2021/05/05-23:10:55.998767 7f46b1e1e700         Options.memtable_factory: SkipListFactory
2021/05/05-23:10:55.998768 7f46b1e1e700            Options.table_factory: BlockBasedTable
2021/05/05-23:10:55.998837 7f46b1e1e700            table_factory options:   flush_block_policy_factory: FlushBlockBySizePolicyFactory (0x7f469c016d00)
  cache_index_and_filter_blocks: 0
  cache_index_and_filter_blocks_with_high_priority: 1
  pin_l0_filter_and_index_blocks_in_cache: 0
  pin_top_level_index_and_filter: 1
  index_type: 0
  data_block_index_type: 0
  index_shortening: 1
  data_block_hash_table_util_ratio: 0.750000
  hash_index_allow_collision: 1
  checksum: 1
  no_block_cache: 0
  block_cache: 0x7f469c0182e0
  block_cache_name: LRUCache
  block_cache_options:
    capacity : 8388608
    num_shard_bits : 4
    strict_capacity_limit : 0
    memory_allocator : None
    high_pri_pool_ratio: 0.000
  block_cache_compressed: (nil)
  persistent_cache: (nil)
  block_size: 4096
  block_size_deviation: 10
  block_restart_interval: 16
  index_block_restart_interval: 1
  metadata_block_size: 4096
  partition_filters: 0
  use_delta_encoding: 1
  filter_policy: nullptr
  whole_key_filtering: 1
  verify_compression: 0
  read_amp_bytes_per_bit: 0
  format_version: 4
  enable_index_compression: 1
  block_align: 0
2021/05/05-23:10:55.998839 7f46b1e1e700        Options.write_buffer_size: 67108864
2021/05/05-23:10:55.998840 7f46b1e1e700  Options.max_write_buffer_number: 2
2021/05/05-23:10:55.998841 7f46b1e1e700          Options.compression: Snappy
2021/05/05-23:10:55.998842 7f46b1e1e700                  Options.bottommost_compression: Disabled
2021/05/05-23:10:55.998842 7f46b1e1e700       Options.prefix_extractor: nullptr
2021/05/05-23:10:55.998843 7f46b1e1e700   Options.memtable_insert_with_hint_prefix_extractor: nullptr
2021/05/05-23:10:55.998844 7f46b1e1e700             Options.num_levels: 7
2021/05/05-23:10:55.998845 7f46b1e1e700        Options.min_write_buffer_number_to_merge: 1
2021/05/05-23:10:55.998846 7f46b1e1e700     Options.max_write_buffer_number_to_maintain: 0
2021/05/05-23:10:55.998846 7f46b1e1e700     Options.max_write_buffer_size_to_maintain: 0
2021/05/05-23:10:55.998847 7f46b1e1e700            Options.bottommost_compression_opts.window_bits: -14
2021/05/05-23:10:55.998848 7f46b1e1e700                  Options.bottommost_compression_opts.level: 32767
2021/05/05-23:10:55.998849 7f46b1e1e700               Options.bottommost_compression_opts.strategy: 0
2021/05/05-23:10:55.998850 7f46b1e1e700         Options.bottommost_compression_opts.max_dict_bytes: 0
2021/05/05-23:10:55.998851 7f46b1e1e700         Options.bottommost_compression_opts.zstd_max_train_bytes: 0
2021/05/05-23:10:55.998878 7f46b1e1e700         Options.bottommost_compression_opts.parallel_threads: 1
2021/05/05-23:10:55.998879 7f46b1e1e700                  Options.bottommost_compression_opts.enabled: false
2021/05/05-23:10:55.998880 7f46b1e1e700            Options.compression_opts.window_bits: -14
2021/05/05-23:10:55.998881 7f46b1e1e700                  Options.compression_opts.level: 32767
2021/05/05-23:10:55.998882 7f46b1e1e700               Options.compression_opts.strategy: 0
2021/05/05-23:10:55.998883 7f46b1e1e700         Options.compression_opts.max_dict_bytes: 0
2021/05/05-23:10:55.998884 7f46b1e1e700         Options.compression_opts.zstd_max_train_bytes: 0
2021/05/05-23:10:55.998884 7f46b1e1e700         Options.compression_opts.parallel_threads: 1
2021/05/05-23:10:55.998899 7f46b1e1e700                  Options.compression_opts.enabled: false
2021/05/05-23:10:55.998900 7f46b1e1e700      Options.level0_file_num_compaction_trigger: 4
2021/05/05-23:10:55.998901 7f46b1e1e700          Options.level0_slowdown_writes_trigger: 20
2021/05/05-23:10:55.998901 7f46b1e1e700              Options.level0_stop_writes_trigger: 36
2021/05/05-23:10:55.998902 7f46b1e1e700                   Options.target_file_size_base: 67108864
2021/05/05-23:10:55.998903 7f46b1e1e700             Options.target_file_size_multiplier: 1
2021/05/05-23:10:55.998904 7f46b1e1e700                Options.max_bytes_for_level_base: 268435456
2021/05/05-23:10:55.998905 7f46b1e1e700 Options.level_compaction_dynamic_level_bytes: 0
2021/05/05-23:10:55.998906 7f46b1e1e700          Options.max_bytes_for_level_multiplier: 10.000000
2021/05/05-23:10:55.998921 7f46b1e1e700 Options.max_bytes_for_level_multiplier_addtl[0]: 1
2021/05/05-23:10:55.998922 7f46b1e1e700 Options.max_bytes_for_level_multiplier_addtl[1]: 1
2021/05/05-23:10:55.998924 7f46b1e1e700 Options.max_bytes_for_level_multiplier_addtl[2]: 1
2021/05/05-23:10:55.998925 7f46b1e1e700 Options.max_bytes_for_level_multiplier_addtl[3]: 1
2021/05/05-23:10:55.998927 7f46b1e1e700 Options.max_bytes_for_level_multiplier_addtl[4]: 1
2021/05/05-23:10:55.998928 7f46b1e1e700 Options.max_bytes_for_level_multiplier_addtl[5]: 1
2021/05/05-23:10:55.998942 7f46b1e1e700 Options.max_bytes_for_level_multiplier_addtl[6]: 1
2021/05/05-23:10:55.998944 7f46b1e1e700       Options.max_sequential_skip_in_iterations: 8
2021/05/05-23:10:55.998946 7f46b1e1e700                    Options.max_compaction_bytes: 1677721600
2021/05/05-23:10:55.998947 7f46b1e1e700                        Options.arena_block_size: 8388608
2021/05/05-23:10:55.998948 7f46b1e1e700   Options.soft_pending_compaction_bytes_limit: 68719476736
2021/05/05-23:10:55.998949 7f46b1e1e700   Options.hard_pending_compaction_bytes_limit: 274877906944
2021/05/05-23:10:55.998950 7f46b1e1e700       Options.rate_limit_delay_max_milliseconds: 100
2021/05/05-23:10:55.998951 7f46b1e1e700                Options.disable_auto_compactions: 0
2021/05/05-23:10:55.998952 7f46b1e1e700                        Options.compaction_style: kCompactionStyleLevel
2021/05/05-23:10:55.998954 7f46b1e1e700                          Options.compaction_pri: kMinOverlappingRatio
2021/05/05-23:10:55.998955 7f46b1e1e700 Options.compaction_options_universal.size_ratio: 1
2021/05/05-23:10:55.998956 7f46b1e1e700 Options.compaction_options_universal.min_merge_width: 2
2021/05/05-23:10:55.998956 7f46b1e1e700 Options.compaction_options_universal.max_merge_width: 4294967295
2021/05/05-23:10:55.998957 7f46b1e1e700 Options.compaction_options_universal.max_size_amplification_percent: 200
2021/05/05-23:10:55.998958 7f46b1e1e700 Options.compaction_options_universal.compression_size_percent: -1
2021/05/05-23:10:55.998959 7f46b1e1e700 Options.compaction_options_universal.stop_style: kCompactionStopStyleTotalSize
2021/05/05-23:10:55.998960 7f46b1e1e700 Options.compaction_options_fifo.max_table_files_size: 1073741824
2021/05/05-23:10:55.998961 7f46b1e1e700 Options.compaction_options_fifo.allow_compaction: 0
2021/05/05-23:10:55.998963 7f46b1e1e700                   Options.table_properties_collectors: 
2021/05/05-23:10:55.998970 7f46b1e1e700                   Options.inplace_update_support: 0
2021/05/05-23:10:55.998971 7f46b1e1e700                 Options.inplace_update_num_locks: 10000
2021/05/05-23:10:55.998972 7f46b1e1e700               Options.memtable_prefix_bloom_size_ratio: 0.000000
2021/05/05-23:10:55.998973 7f46b1e1e700               Options.memtable_whole_key_filtering: 0
2021/05/05-23:10:55.998974 7f46b1e1e700   Options.memtable_huge_page_size: 0
2021/05/05-23:10:55.998975 7f46b1e1e700                           Options.bloom_locality: 0
2021/05/05-23:10:55.998975 7f46b1e1e700                    Options.max_successive_merges: 0
2021/05/05-23:10:55.998976 7f46b1e1e700                Options.optimize_filters_for_hits: 0
2021/05/05-23:10:55.998977 7f46b1e1e700                Options.paranoid_file_checks: 0
2021/05/05-23:10:55.998978 7f46b1e1e700                Options.force_consistency_checks: 1
2021/05/05-23:10:55.998979 7f46b1e1e700                Options.report_bg_io_stats: 0
2021/05/05-23:10:55.998979 7f46b1e1e700                               Options.ttl: 2592000
2021/05/05-23:10:55.998980 7f46b1e1e700          Options.periodic_compaction_seconds: 0
2021/05/05-23:10:55.998994 7f46b1e1e700                    Options.enable_blob_files: false
2021/05/05-23:10:55.998995 7f46b1e1e700                        Options.min_blob_size: 0
2021/05/05-23:10:55.998996 7f46b1e1e700                       Options.blob_file_size: 268435456
2021/05/05-23:10:55.998997 7f46b1e1e700                Options.blob_compression_type: NoCompression
2021/05/05-23:10:55.998998 7f46b1e1e700       Options.enable_blob_garbage_collection: false
2021/05/05-23:10:55.998998 7f46b1e1e700   Options.blob_garbage_collection_age_cutoff: 0.250000
2021/05/05-23:10:55.999130 7f46b1e1e700 [/column_family.cc:595] --------------- Options for column family [cf_1]:
2021/05/05-23:10:55.999133 7f46b1e1e700               Options.comparator: leveldb.BytewiseComparator
2021/05/05-23:10:55.999134 7f46b1e1e700           Options.merge_operator: None
2021/05/05-23:10:55.999134 7f46b1e1e700        Options.compaction_filter: None
2021/05/05-23:10:55.999135 7f46b1e1e700        Options.compaction_filter_factory: None
2021/05/05-23:10:55.999136 7f46b1e1e700  Options.sst_partitioner_factory: None
2021/05/05-23:10:55.999137 7f46b1e1e700         Options.memtable_factory: SkipListFactory
2021/05/05-23:10:55.999138 7f46b1e1e700            Options.table_factory: BlockBasedTable
2021/05/05-23:10:55.999170 7f46b1e1e700            table_factory options:   flush_block_policy_factory: FlushBlockBySizePolicyFactory (0x7f469c0177d0)
  cache_index_and_filter_blocks: 0
  cache_index_and_filter_blocks_with_high_priority: 1
  pin_l0_filter_and_index_blocks_in_cache: 0
  pin_top_level_index_and_filter: 1
  index_type: 0
  data_block_index_type: 0
  index_shortening: 1
  data_block_hash_table_util_ratio: 0.750000
  hash_index_allow_collision: 1
  checksum: 1
  no_block_cache: 0
  block_cache: 0x7f469c017820
  block_cache_name: LRUCache
  block_cache_options:
    capacity : 8388608
    num_shard_bits : 4
    strict_capacity_limit : 0
    memory_allocator : None
    high_pri_pool_ratio: 0.000
  block_cache_compressed: (nil)
  persistent_cache: (nil)
  block_size: 4096
  block_size_deviation: 10
  block_restart_interval: 16
  index_block_restart_interval: 1
  metadata_block_size: 4096
  partition_filters: 0
  use_delta_encoding: 1
  filter_policy: nullptr
  whole_key_filtering: 1
  verify_compression: 0
  read_amp_bytes_per_bit: 0
  format_version: 4
  enable_index_compression: 1
  block_align: 0
2021/05/05-23:10:55.999171 7f46b1e1e700        Options.write_buffer_size: 67108864
2021/05/05-23:10:55.999172 7f46b1e1e700  Options.max_write_buffer_number: 2
2021/05/05-23:10:55.999173 7f46b1e1e700          Options.compression: Snappy
2021/05/05-23:10:55.999174 7f46b1e1e700                  Options.bottommost_compression: Disabled
2021/05/05-23:10:55.999174 7f46b1e1e700       Options.prefix_extractor: nullptr
2021/05/05-23:10:55.999175 7f46b1e1e700   Options.memtable_insert_with_hint_prefix_extractor: nullptr
2021/05/05-23:10:55.999184 7f46b1e1e700             Options.num_levels: 7
2021/05/05-23:10:55.999185 7f46b1e1e700        Options.min_write_buffer_number_to_merge: 1
2021/05/05-23:10:55.999186 7f46b1e1e700     Options.max_write_buffer_number_to_maintain: 0
2021/05/05-23:10:55.999187 7f46b1e1e700     Options.max_write_buffer_size_to_maintain: 0
2021/05/05-23:10:55.999188 7f46b1e1e700            Options.bottommost_compression_opts.window_bits: -14
2021/05/05-23:10:55.999189 7f46b1e1e700                  Options.bottommost_compression_opts.level: 32767
2021/05/05-23:10:55.999190 7f46b1e1e700               Options.bottommost_compression_opts.strategy: 0
2021/05/05-23:10:55.999190 7f46b1e1e700         Options.bottommost_compression_opts.max_dict_bytes: 0
2021/05/05-23:10:55.999191 7f46b1e1e700         Options.bottommost_compression_opts.zstd_max_train_bytes: 0
2021/05/05-23:10:55.999192 7f46b1e1e700         Options.bottommost_compression_opts.parallel_threads: 1
2021/05/05-23:10:55.999193 7f46b1e1e700                  Options.bottommost_compression_opts.enabled: false
2021/05/05-23:10:55.999194 7f46b1e1e700            Options.compression_opts.window_bits: -14
2021/05/05-23:10:55.999195 7f46b1e1e700                  Options.compression_opts.level: 32767
2021/05/05-23:10:55.999195 7f46b1e1e700               Options.compression_opts.strategy: 0
2021/05/05-23:10:55.999196 7f46b1e1e700         Options.compression_opts.max_dict_bytes: 0
2021/05/05-23:10:55.999197 7f46b1e1e700         Options.compression_opts.zstd_max_train_bytes: 0
2021/05/05-23:10:55.999198 7f46b1e1e700         Options.compression_opts.parallel_threads: 1
2021/05/05-23:10:55.999199 7f46b1e1e700                  Options.compression_opts.enabled: false
2021/05/05-23:10:55.999199 7f46b1e1e700      Options.level0_file_num_compaction_trigger: 4
2021/05/05-23:10:55.999200 7f46b1e1e700          Options.level0_slowdown_writes_trigger: 20
2021/05/05-23:10:55.999201 7f46b1e1e700              Options.level0_stop_writes_trigger: 36
2021/05/05-23:10:55.999202 7f46b1e1e700                   Options.target_file_size_base: 67108864
2021/05/05-23:10:55.999203 7f46b1e1e700             Options.target_file_size_multiplier: 1
2021/05/05-23:10:55.999204 7f46b1e1e700                Options.max_bytes_for_level_base: 268435456
2021/05/05-23:10:55.999204 7f46b1e1e700 Options.level_compaction_dynamic_level_bytes: 0
2021/05/05-23:10:55.999205 7f46b1e1e700          Options.max_bytes_for_level_multiplier: 10.000000
2021/05/05-23:10:55.999207 7f46b1e1e700 Options.max_bytes_for_level_multiplier_addtl[0]: 1
2021/05/05-23:10:55.999208 7f46b1e1e700 Options.max_bytes_for_level_multiplier_addtl[1]: 1
2021/05/05-23:10:55.999208 7f46b1e1e700 Options.max_bytes_for_level_multiplier_addtl[2]: 1
2021/05/05-23:10:55.999209 7f46b1e1e700 Options.max_bytes_for_level_multiplier_addtl[3]: 1
2021/05/05-23:10:55.999210 7f46b1e1e700 Options.max_bytes_for_level_multiplier_addtl[4]: 1
2021/05/05-23:10:55.999211 7f46b1e1e700 Options.max_bytes_for_level_multiplier_addtl[5]: 1
2021/05/05-23:10:55.999212 7f46b1e1e700 Options.max_bytes_for_level_multiplier_addtl[6]: 1
2021/05/05-23:10:55.999213 7f46b1e1e700       Options.max_sequential_skip_in_iterations: 8
2021/05/05-23:10:55.999213 7f46b1e1e700                    Options.max_compaction_bytes: 1677721600
2021/05/05-23:10:55.999214 7f46b1e1e700                        Options.arena_block_size: 8388608
2021/05/05-23:10:55.999215 7f46b1e1e700   Options.soft_pending_compaction_bytes_limit: 68719476736
2021/05/05-23:10:55.999216 7f46b1e1e700   Options.hard_pending_compaction_bytes_limit: 274877906944
2021/05/05-23:10:55.999217 7f46b1e1e700       Options.rate_limit_delay_max_milliseconds: 100
2021/05/05-23:10:55.999218 7f46b1e1e700                Options.disable_auto_compactions: 0
2021/05/05-23:10:55.999219 7f46b1e1e700                        Options.compaction_style: kCompactionStyleLevel
2021/05/05-23:10:55.999220 7f46b1e1e700                          Options.compaction_pri: kMinOverlappingRatio
2021/05/05-23:10:55.999221 7f46b1e1e700 Options.compaction_options_universal.size_ratio: 1
2021/05/05-23:10:55.999226 7f46b1e1e700 Options.compaction_options_universal.min_merge_width: 2
2021/05/05-23:10:55.999227 7f46b1e1e700 Options.compaction_options_universal.max_merge_width: 4294967295
2021/05/05-23:10:55.999228 7f46b1e1e700 Options.compaction_options_universal.max_size_amplification_percent: 200
2021/05/05-23:10:55.999229 7f46b1e1e700 Options.compaction_options_universal.compression_size_percent: -1
2021/05/05-23:10:55.999230 7f46b1e1e700 Options.compaction_options_universal.stop_style: kCompactionStopStyleTotalSize
2021/05/05-23:10:55.999230 7f46b1e1e700 Options.compaction_options_fifo.max_table_files_size: 1073741824
2021/05/05-23:10:55.999231 7f46b1e1e700 Options.compaction_options_fifo.allow_compaction: 0
2021/05/05-23:10:55.999233 7f46b1e1e700                   Options.table_properties_collectors: 
2021/05/05-23:10:55.999234 7f46b1e1e700                   Options.inplace_update_support: 0
2021/05/05-23:10:55.999235 7f46b1e1e700                 Options.inplace_update_num_locks: 10000
2021/05/05-23:10:55.999236 7f46b1e1e700               Options.memtable_prefix_bloom_size_ratio: 0.000000
2021/05/05-23:10:55.999237 7f46b1e1e700               Options.memtable_whole_key_filtering: 0
2021/05/05-23:10:55.999237 7f46b1e1e700   Options.memtable_huge_page_size: 0
2021/05/05-23:10:55.999238 7f46b1e1e700                           Options.bloom_locality: 0
2021/05/05-23:10:55.999239 7f46b1e1e700                    Options.max_successive_merges: 0
2021/05/05-23:10:55.999240 7f46b1e1e700                Options.optimize_filters_for_hits: 0
2021/05/05-23:10:55.999241 7f46b1e1e700                Options.paranoid_file_checks: 0
2021/05/05-23:10:55.999242 7f46b1e1e700                Options.force_consistency_checks: 1
2021/05/05-23:10:55.999242 7f46b1e1e700                Options.report_bg_io_stats: 0
2021/05/05-23:10:55.999243 7f46b1e1e700                               Options.ttl: 2592000
2021/05/05-23:10:55.999244 7f46b1e1e700          Options.periodic_compaction_seconds: 0
2021/05/05-23:10:55.999245 7f46b1e1e700                    Options.enable_blob_files: false
2021/05/05-23:10:55.999246 7f46b1e1e700                        Options.min_blob_size: 0
2021/05/05-23:10:55.999247 7f46b1e1e700                       Options.blob_file_size: 268435456
2021/05/05-23:10:55.999247 7f46b1e1e700                Options.blob_compression_type: NoCompression
2021/05/05-23:10:55.999248 7f46b1e1e700       Options.enable_blob_garbage_collection: false
2021/05/05-23:10:55.999249 7f46b1e1e700   Options.blob_garbage_collection_age_cutoff: 0.250000
2021/05/05-23:10:55.999375 7f46b1e1e700 [/column_family.cc:595] --------------- Options for column family [cf_2]:
2021/05/05-23:10:55.999378 7f46b1e1e700               Options.comparator: leveldb.BytewiseComparator
2021/05/05-23:10:55.999379 7f46b1e1e700           Options.merge_operator: None
2021/05/05-23:10:55.999379 7f46b1e1e700        Options.compaction_filter: None
2021/05/05-23:10:55.999380 7f46b1e1e700        Options.compaction_filter_factory: None
2021/05/05-23:10:55.999381 7f46b1e1e700  Options.sst_partitioner_factory: None
2021/05/05-23:10:55.999382 7f46b1e1e700         Options.memtable_factory: SkipListFactory
2021/05/05-23:10:55.999383 7f46b1e1e700            Options.table_factory: BlockBasedTable
2021/05/05-23:10:55.999398 7f46b1e1e700            table_factory options:   flush_block_policy_factory: FlushBlockBySizePolicyFactory (0x7f469c011aa0)
  cache_index_and_filter_blocks: 0
  cache_index_and_filter_blocks_with_high_priority: 1
  pin_l0_filter_and_index_blocks_in_cache: 0
  pin_top_level_index_and_filter: 1
  index_type: 0
  data_block_index_type: 0
  index_shortening: 1
  data_block_hash_table_util_ratio: 0.750000
  hash_index_allow_collision: 1
  checksum: 1
  no_block_cache: 0
  block_cache: 0x7f469c011af0
  block_cache_name: LRUCache
  block_cache_options:
    capacity : 8388608
    num_shard_bits : 4
    strict_capacity_limit : 0
    memory_allocator : None
    high_pri_pool_ratio: 0.000
  block_cache_compressed: (nil)
  persistent_cache: (nil)
  block_size: 4096
  block_size_deviation: 10
  block_restart_interval: 16
  index_block_restart_interval: 1
  metadata_block_size: 4096
  partition_filters: 0
  use_delta_encoding: 1
  filter_policy: nullptr
  whole_key_filtering: 1
  verify_compression: 0
  read_amp_bytes_per_bit: 0
  format_version: 4
  enable_index_compression: 1
  block_align: 0
2021/05/05-23:10:55.999407 7f46b1e1e700        Options.write_buffer_size: 67108864
2021/05/05-23:10:55.999408 7f46b1e1e700  Options.max_write_buffer_number: 2
2021/05/05-23:10:55.999409 7f46b1e1e700          Options.compression: Snappy
2021/05/05-23:10:55.999410 7f46b1e1e700                  Options.bottommost_compression: Disabled
2021/05/05-23:10:55.999411 7f46b1e1e700       Options.prefix_extractor: nullptr
2021/05/05-23:10:55.999412 7f46b1e1e700   Options.memtable_insert_with_hint_prefix_extractor: nullptr
2021/05/05-23:10:55.999412 7f46b1e1e700             Options.num_levels: 7
2021/05/05-23:10:55.999413 7f46b1e1e700        Options.min_write_buffer_number_to_merge: 1
2021/05/05-23:10:55.999414 7f46b1e1e700     Options.max_write_buffer_number_to_maintain: 0
2021/05/05-23:10:55.999415 7f46b1e1e700     Options.max_write_buffer_size_to_maintain: 0
2021/05/05-23:10:55.999416 7f46b1e1e700            Options.bottommost_compression_opts.window_bits: -14
2021/05/05-23:10:55.999417 7f46b1e1e700                  Options.bottommost_compression_opts.level: 32767
2021/05/05-23:10:55.999418 7f46b1e1e700               Options.bottommost_compression_opts.strategy: 0
2021/05/05-23:10:55.999418 7f46b1e1e700         Options.bottommost_compression_opts.max_dict_bytes: 0
2021/05/05-23:10:55.999419 7f46b1e1e700         Options.bottommost_compression_opts.zstd_max_train_bytes: 0
2021/05/05-23:10:55.999420 7f46b1e1e700         Options.bottommost_compression_opts.parallel_threads: 1
2021/05/05-23:10:55.999421 7f46b1e1e700                  Options.bottommost_compression_opts.enabled: false
2021/05/05-23:10:55.999422 7f46b1e1e700            Options.compression_opts.window_bits: -14
2021/05/05-23:10:55.999422 7f46b1e1e700                  Options.compression_opts.level: 32767
2021/05/05-23:10:55.999423 7f46b1e1e700               Options.compression_opts.strategy: 0
2021/05/05-23:10:55.999424 7f46b1e1e700         Options.compression_opts.max_dict_bytes: 0
2021/05/05-23:10:55.999425 7f46b1e1e700         Options.compression_opts.zstd_max_train_bytes: 0
2021/05/05-23:10:55.999426 7f46b1e1e700         Options.compression_opts.parallel_threads: 1
2021/05/05-23:10:55.999427 7f46b1e1e700                  Options.compression_opts.enabled: false
2021/05/05-23:10:55.999427 7f46b1e1e700      Options.level0_file_num_compaction_trigger: 4
2021/05/05-23:10:55.999428 7f46b1e1e700          Options.level0_slowdown_writes_trigger: 20
2021/05/05-23:10:55.999429 7f46b1e1e700              Options.level0_stop_writes_trigger: 36
2021/05/05-23:10:55.999430 7f46b1e1e700                   Options.target_file_size_base: 67108864
2021/05/05-23:10:55.999431 7f46b1e1e700             Options.target_file_size_multiplier: 1
2021/05/05-23:10:55.999431 7f46b1e1e700                Options.max_bytes_for_level_base: 268435456
2021/05/05-23:10:55.999432 7f46b1e1e700 Options.level_compaction_dynamic_level_bytes: 0
2021/05/05-23:10:55.999433 7f46b1e1e700          Options.max_bytes_for_level_multiplier: 10.000000
2021/05/05-23:10:55.999435 7f46b1e1e700 Options.max_bytes_for_level_multiplier_addtl[0]: 1
2021/05/05-23:10:55.999435 7f46b1e1e700 Options.max_bytes_for_level_multiplier_addtl[1]: 1
2021/05/05-23:10:55.999436 7f46b1e1e700 Options.max_bytes_for_level_multiplier_addtl[2]: 1
2021/05/05-23:10:55.999437 7f46b1e1e700 Options.max_bytes_for_level_multiplier_addtl[3]: 1
2021/05/05-23:10:55.999438 7f46b1e1e700 Options.max_bytes_for_level_multiplier_addtl[4]: 1
2021/05/05-23:10:55.999439 7f46b1e1e700 Options.max_bytes_for_level_multiplier_addtl[5]: 1
2021/05/05-23:10:55.999440 7f46b1e1e700 Options.max_bytes_for_level_multiplier_addtl[6]: 1
2021/05/05-23:10:55.999441 7f46b1e1e700       Options.max_sequential_skip_in_iterations: 8
2021/05/05-23:10:55.999446 7f46b1e1e700                    Options.max_compaction_bytes: 1677721600
2021/05/05-23:10:55.999447 7f46b1e1e700                        Options.arena_block_size: 8388608
2021/05/05-23:10:55.999448 7f46b1e1e700   Options.soft_pending_compaction_bytes_limit: 68719476736
2021/05/05-23:10:55.999449 7f46b1e1e700   Options.hard_pending_compaction_bytes_limit: 274877906944
2021/05/05-23:10:55.999449 7f46b1e1e700       Options.rate_limit_delay_max_milliseconds: 100
2021/05/05-23:10:55.999450 7f46b1e1e700                Options.disable_auto_compactions: 0
2021/05/05-23:10:55.999451 7f46b1e1e700                        Options.compaction_style: kCompactionStyleLevel
2021/05/05-23:10:55.999452 7f46b1e1e700                          Options.compaction_pri: kMinOverlappingRatio
2021/05/05-23:10:55.999453 7f46b1e1e700 Options.compaction_options_universal.size_ratio: 1
2021/05/05-23:10:55.999454 7f46b1e1e700 Options.compaction_options_universal.min_merge_width: 2
2021/05/05-23:10:55.999455 7f46b1e1e700 Options.compaction_options_universal.max_merge_width: 4294967295
2021/05/05-23:10:55.999456 7f46b1e1e700 Options.compaction_options_universal.max_size_amplification_percent: 200
2021/05/05-23:10:55.999456 7f46b1e1e700 Options.compaction_options_universal.compression_size_percent: -1
2021/05/05-23:10:55.999457 7f46b1e1e700 Options.compaction_options_universal.stop_style: kCompactionStopStyleTotalSize
2021/05/05-23:10:55.999458 7f46b1e1e700 Options.compaction_options_fifo.max_table_files_size: 1073741824
2021/05/05-23:10:55.999459 7f46b1e1e700 Options.compaction_options_fifo.allow_compaction: 0
2021/05/05-23:10:55.999461 7f46b1e1e700                   Options.table_properties_collectors: 
2021/05/05-23:10:55.999462 7f46b1e1e700                   Options.inplace_update_support: 0
2021/05/05-23:10:55.999463 7f46b1e1e700                 Options.inplace_update_num_locks: 10000
2021/05/05-23:10:55.999463 7f46b1e1e700               Options.memtable_prefix_bloom_size_ratio: 0.000000
2021/05/05-23:10:55.999465 7f46b1e1e700               Options.memtable_whole_key_filtering: 0
2021/05/05-23:10:55.999465 7f46b1e1e700   Options.memtable_huge_page_size: 0
2021/05/05-23:10:55.999466 7f46b1e1e700                           Options.bloom_locality: 0
2021/05/05-23:10:55.999467 7f46b1e1e700                    Options.max_successive_merges: 0
2021/05/05-23:10:55.999468 7f46b1e1e700                Options.optimize_filters_for_hits: 0
2021/05/05-23:10:55.999469 7f46b1e1e700                Options.paranoid_file_checks: 0
2021/05/05-23:10:55.999469 7f46b1e1e700                Options.force_consistency_checks: 1
2021/05/05-23:10:55.999470 7f46b1e1e700                Options.report_bg_io_stats: 0
2021/05/05-23:10:55.999471 7f46b1e1e700                               Options.ttl: 2592000
2021/05/05-23:10:55.999472 7f46b1e1e700          Options.periodic_compaction_seconds: 0
2021/05/05-23:10:55.999473 7f46b1e1e700                    Options.enable_blob_files: false
2021/05/05-23:10:55.999474 7f46b1e1e700                        Options.min_blob_size: 0
2021/05/05-23:10:55.999474 7f46b1e1e700                       Options.blob_file_size: 268435456
2021/05/05-23:10:55.999475 7f46b1e1e700                Options.blob_compression_type: NoCompression
2021/05/05-23:10:55.999476 7f46b1e1e700       Options.enable_blob_garbage_collection: false
2021/05/05-23:10:55.999477 7f46b1e1e700   Options.blob_garbage_collection_age_cutoff: 0.250000
2021/05/05-23:10:55.999515 7f46b1e1e700 [/column_family.cc:595] --------------- Options for column family [cf_3]:
2021/05/05-23:10:55.999517 7f46b1e1e700               Options.comparator: leveldb.BytewiseComparator
2021/05/05-23:10:55.999518 7f46b1e1e700           Options.merge_operator: None
2021/05/05-23:10:55.999519 7f46b1e1e700        Options.compaction_filter: None
2021/05/05-23:10:55.999520 7f46b1e1e700        Options.compaction_filter_factory: None
2021/05/05-23:10:55.999521 7f46b1e1e700  Options.sst_partitioner_factory: None
2021/05/05-23:10:55.999522 7f46b1e1e700         Options.memtable_factory: SkipListFactory
2021/05/05-23:10:55.999530 7f46b1e1e700            Options.table_factory: BlockBasedTable
2021/05/05-23:10:55.999545 7f46b1e1e700            table_factory options:   flush_block_policy_factory: FlushBlockBySizePolicyFactory (0x7f469c011530)
  cache_index_and_filter_blocks: 0
  cache_index_and_filter_blocks_with_high_priority: 1
  pin_l0_filter_and_index_blocks_in_cache: 0
  pin_top_level_index_and_filter: 1
  index_type: 0
  data_block_index_type: 0
  index_shortening: 1
  data_block_hash_table_util_ratio: 0.750000
  hash_index_allow_collision: 1
  checksum: 1
  no_block_cache: 0
  block_cache: 0x7f469c011580
  block_cache_name: LRUCache
  block_cache_options:
    capacity : 8388608
    num_shard_bits : 4
    strict_capacity_limit : 0
    memory_allocator : None
    high_pri_pool_ratio: 0.000
  block_cache_compressed: (nil)
  persistent_cache: (nil)
  block_size: 4096
  block_size_deviation: 10
  block_restart_interval: 16
  index_block_restart_interval: 1
  metadata_block_size: 4096
  partition_filters: 0
  use_delta_encoding: 1
  filter_policy: nullptr
  whole_key_filtering: 1
  verify_compression: 0
  read_amp_bytes_per_bit: 0
  format_version: 4
  enable_index_compression: 1
  block_align: 0
2021/05/05-23:10:55.999546 7f46b1e1e700        Options.write_buffer_size: 67108864
2021/05/05-23:10:55.999547 7f46b1e1e700  Options.max_write_buffer_number: 2
2021/05/05-23:10:55.999548 7f46b1e1e700          Options.compression: Snappy
2021/05/05-23:10:55.999549 7f46b1e1e700                  Options.bottommost_compression: Disabled
2021/05/05-23:10:55.999550 7f46b1e1e700       Options.prefix_extractor: nullptr
2021/05/05-23:10:55.999550 7f46b1e1e700   Options.memtable_insert_with_hint_prefix_extractor: nullptr
2021/05/05-23:10:55.999551 7f46b1e1e700             Options.num_levels: 7
2021/05/05-23:10:55.999552 7f46b1e1e700        Options.min_write_buffer_number_to_merge: 1
2021/05/05-23:10:55.999553 7f46b1e1e700     Options.max_write_buffer_number_to_maintain: 0
2021/05/05-23:10:55.999554 7f46b1e1e700     Options.max_write_buffer_size_to_maintain: 0
2021/05/05-23:10:55.999554 7f46b1e1e700            Options.bottommost_compression_opts.window_bits: -14
2021/05/05-23:10:55.999555 7f46b1e1e700                  Options.bottommost_compression_opts.level: 32767
2021/05/05-23:10:55.999556 7f46b1e1e700               Options.bottommost_compression_opts.strategy: 0
2021/05/05-23:10:55.999557 7f46b1e1e700         Options.bottommost_compression_opts.max_dict_bytes: 0
2021/05/05-23:10:55.999558 7f46b1e1e700         Options.bottommost_compression_opts.zstd_max_train_bytes: 0
2021/05/05-23:10:55.999559 7f46b1e1e700         Options.bottommost_compression_opts.parallel_threads: 1
2021/05/05-23:10:55.999559 7f46b1e1e700                  Options.bottommost_compression_opts.enabled: false
2021/05/05-23:10:55.999560 7f46b1e1e700            Options.compression_opts.window_bits: -14
2021/05/05-23:10:55.999561 7f46b1e1e700                  Options.compression_opts.level: 32767
